-4.2823967187 0.0000000000 8.7160330871 -0.1431997865 -0.2673062384
8.7176032813 0.0000000000 9.9160338500 0.0239822678 -0.0270858556
-8.0823969094 0.0000000000 10.1160336593 -0.1745994538 -0.2061535716
8.3176036628 0.0000000000 10.7160330871 0.0250855815 -0.0322086439
9.5176034720 0.0000000000 10.1160336593 0.0231058747 -0.0243481267
7.5176034720 0.0000000000 13.7160330871 0.0249009524 -0.0457085930
8.5176034720 0.0000000000 14.1160336593 -0.0850444213 0.1413991600
9.9176030906 0.0000000000 14.3160334685 0.0255187266 -0.0368311480
9.3176036628 0.0000000000 15.7160330871 0.0253109895 -0.0428339802
-3.6823968141 0.0000000000 18.7160330871 -0.0169594232 -0.0800136924
8.1176033767 0.0000000000 18.7160330871 0.0228333082 -0.0531813763
14.3176036628 0.0000000000 15.1160336593 -0.4763632119 0.5000123978
11.9176030906 0.0000000000 18.1160327056 -0.0892038569 0.1357118338
-4.2823967187 0.0000000000 21.5160342315 -0.0569836758 -0.2684564292
-8.4823965280 0.0000000000 20.7160330871 0.0058136345 0.0136319716
-8.6823963372 0.0000000000 21.9160338500 0.0045677735 0.0110858334
16.1176028998 0.0000000000 19.9160338500 0.0017181732 -0.0021179996
15.5176034720 0.0000000000 21.5160342315 0.1110455468 -0.1538670361
14.7176032813 0.0000000000 21.9160338500 0.1032082811 -0.1537447423
-7.4823965280 0.0000000000 28.9160338500 -0.0045544719 -0.0169166103
14.9176030906 0.0000000000 26.9160338500 0.0834736824 -0.1510476172
8.1176033767 0.0000000000 29.7160330871 0.0339150950 -0.1262156665
15.1176028998 0.0000000000 28.9160338500 0.0779709592 -0.1496623755
-8.0823969094 0.0000000000 34.7160349944 -0.0625262186 -0.2591448426
-18.6823963372 0.0000000000 31.3160334685 0.0248997211 0.0408408120
-26.6823963372 0.0000000000 25.9160338500 -0.6731179953 -0.6405881047
8.3176036628 0.0000000000 37.3160334685 0.0260052290 -0.1187893152
13.1176028998 0.0000000000 36.9160319427 -0.0302312616 0.0857724175
17.1176028998 0.0000000000 35.3160334685 0.1691474617 -0.3503054082
7.3176031859 0.0000000000 38.9160319427 0.0207916871 -0.1130364910
8.3176036628 0.0000000000 40.1160327056 0.0236710366 -0.1163095310
-18.6823963372 0.0000000000 38.1160327056 0.0128516080 0.0257032160
-7.8823971002 0.0000000000 42.3160334685 -0.0529523604 -0.2745677829
12.1176028998 0.0000000000 41.7160349944 0.0370137356 -0.1287704855
14.9176030906 0.0000000000 43.1160327056 0.0465777107 -0.1356140226
-3.4823967664 0.0000000000 47.3160334685 -0.0046664346 -0.0592763275
-8.2823967187 0.0000000000 50.1160327056 -0.0480321944 -0.2814121544
23.7176032813 0.0000000000 46.5160342315 0.0758092925 -0.1490378380
-15.8823971002 0.0000000000 50.1160327056 -0.0018629426 -0.0057623936
-3.4823967664 0.0000000000 53.1160327056 -0.0042905137 -0.0612267889
18.3176036628 0.0000000000 51.3160334685 0.0485739969 -0.1368659586
-13.0823969094 0.0000000000 53.5160342315 0.0535688587 0.2142754346
-3.0823966710 0.0000000000 55.9160319427 -0.0037771470 -0.0636392087
17.1176028998 0.0000000000 53.9160319427 0.0417211913 -0.1323228329
-11.2823967187 0.0000000000 56.7160349944 0.0915433317 0.4489603341
7.1176033767 0.0000000000 58.5160342315 0.0119974306 -0.1011957228
9.5176034720 0.0000000000 59.3160334685 0.0170924086 -0.1084357128
26.3176036628 0.0000000000 54.3160334685 -0.0266099032 0.0550549701
11.9176030906 0.0000000000 64.1160327056 0.0207120422 -0.1129425913
12.1176028998 0.0000000000 65.1160365203 0.0207490623 -0.1129864976
-7.2823967187 0.0000000000 66.1160365203 -0.0058467509 -0.0512954965
12.1176028998 0.0000000000 67.3160334685 0.0275293794 -0.1549973637
-8.4823965280 0.0000000000 68.1160365203 -0.0336756818 -0.2624380887
-2.6823968141 0.0000000000 69.5160304168 -0.0023923039 -0.0570853166
-3.8823966233 0.0000000000 70.9160319427 -0.0028720992 -0.0494561456
11.9176030906 0.0000000000 72.3160334685 0.0241937302 -0.1488845050
7.1176033767 0.0000000000 73.1160365203 0.0113789970 -0.1200566813
22.9176040442 0.0000000000 70.5160304168 0.0667688176 -0.2064832747
20.9176040442 0.0000000000 75.9160319427 -0.0114898197 0.0419628173
-3.4823967664 0.0000000000 82.1160365203 -0.0025111882 -0.0555176139
6.9176030906 0.0000000000 82.5160304168 0.0093054855 -0.1141658053
10.3176036628 0.0000000000 91.3160334685 0.0141124194 -0.1271515042
-3.6823968141 0.0000000000 92.9160319427 -0.0024001542 -0.0569882803
6.9176030906 0.0000000000 94.5160304168 0.0077891941 -0.1095137373
