human.pedestrian.adult -5.073957877947768 -0.5993714672056857 4.969569609620641 0.807 1.799 0.814 2.428550440426976 0.43386294069372444 0.21193304937135954 0.9996945451628106

human.pedestrian.adult -4.520637189650047 2.2468750099610832 55.68149051789533 0.725 1.865 0.956 -0.07179293682032473 -0.8507312500698988 -1.2516046123238735 0.7638929963481611

vehicle.car -0.054065700238155656 -1.091335848668133 -4.961220770381575 1.963 2.0 4.682 1.597870680720625 -0.03598863102511935 0.014995262927303538 0.9994775906089854

human.pedestrian.adult -22.37194245302171 -0.22249206899136864 6.707527480141439 0.724 1.718 1.11 1.4313752768511945 1.2506049281287503 1.0396715629527413 0.9993768179017323

vehicle.trailer 29.72564912563416 2.192257415409488 36.8006103336999 3.705 4.159 13.41 2.9513207040012395 3.023045006124118 3.5068921565753692 0.9997293154465801

vehicle.car -15.047417226092582 -1.8523506885930145 -24.14393237316532 1.748 1.628 4.076 -1.5546676030407607 0.024992104878763462 -0.039987367805839696 0.99945464681365

movable_object.trafficcone -21.672629168426234 -0.7451246456190369 3.8310388012421464 0.397 0.953 0.35 1.5435502992046235 0.0 0.0 0.9994484139409261

vehicle.car 7.225078394739478 -1.900773452150387 -22.31807036962097 2.445 2.0 5.273 1.597870680720625 -0.003998736780493049 0.0 0.9994775906089854

vehicle.bicycle -16.79679432035979 -0.3517864973587563 3.907932464845794 0.781 2.11 1.677 0.7601983754831716 0.0 0.002999052585597089 0.9980496414315824

vehicle.car -26.17591191799769 0.11084809522295747 18.503954296955584 1.802 1.447 4.044 -0.050232589001728556 0.01199621034170645 -0.009996841951459924 0.3866424739035924

vehicle.motorcycle -14.882735757911771 -1.332612403646143 -5.985980227364283 0.657 1.217 1.67 -0.4379711707726699 0.01199621034193375 -0.07297694624558926 0.9943005937499632

movable_object.trafficcone 19.55604605236651 -1.0065060210796841 5.680344431725911 0.499 1.054 0.474 -2.912552958146387 -0.017994315512673324 -0.004998420975843613 0.9997282089127871

vehicle.car -16.569972416048685 1.6804974822231107 47.26212943180681 2.157 1.946 5.067 2.9359082134515404 6.467956742600482 7.7115638813631415 0.9997289007419183

movable_object.trafficcone 21.27350282244498 -0.8136874771621343 8.547024611312294 0.849 1.142 0.85 -2.8101128746806623 -0.03398926263487283 -0.006997789366090138 0.9997242516898289

movable_object.trafficcone 24.87083292319667 0.19558859949248308 25.585538453408976 0.51 1.677 0.478 3.042664588500882 -0.014995262927076236 0.009996841951459924 0.9997311008533735

human.pedestrian.adult 8.809218081796855 -0.7806417594108992 2.6027864864907144 0.819 1.849 0.991 -0.9187304738990534 -1.4515414513532994 -0.762759040897006 0.9986347446982683

vehicle.car -15.153301525480408 -1.3224411339295004 -11.628522536527102 1.936 1.761 4.359 -1.608675027658938 0.004998420975616312 -0.002999052585369787 0.9994830274646914

vehicle.car 2.5172541585154504 -1.4073153216538439 -16.310428899437582 2.209 2.105 5.044 1.0681041163629956 0.03898768361071644 0.031989894244626296 0.9989643472142179

vehicle.car -45.99443910911779 2.787304062451125 67.90429632441843 1.963 1.763 4.595 3.1324900152848034 0.005998105170739574 0.009996841951459924 0.9997317527608459

vehicle.car 3.4316171136168414 -1.3606714257713608 -10.417662254361812 2.035 1.613 4.299 1.597870680720625 -0.018993999707796586 0.009996841951459924 0.9994775906089854

vehicle.car 3.397757488622046 -1.2581148165295886 -3.948123811188607 1.973 1.446 4.757 1.597870680720625 0.006997789366090138 0.005998105170739574 0.9994775906089854

movable_object.barrier -3.593240237172853 -1.2835773751292736 -1.996249979190295 3.243 0.89 0.647 -0.046570826047748426 0.009996841951459924 -0.004998420975843613 0.10254938991806384

vehicle.truck 22.14423247885146 2.091790754175537 37.95466972466131 2.901 3.868 7.445 2.9625345771552274 2.951067744073652 3.465905104574179 0.9997295964067653

vehicle.car -0.059258133186090876 -1.1921934160006984 -13.633462336998136 2.362 2.0 4.803 1.597870680720625 -0.005998105170966875 0.002999052585597089 0.9994775906089854

vehicle.car -11.298651102294485 0.0014614447812492104 16.479147841451912 1.856 1.711 4.112 -1.6687769083143271 -6.863831683878613 -4.484583299429104 0.9995112672164101

human.pedestrian.adult -23.150260429603698 -0.11684680576244 13.053363769054485 0.733 1.8 0.886 -1.7522460574440881 -1.2086181919326642 -1.096653562076131 0.9995454862524017

vehicle.car -27.34331379110899 0.06931814472609688 15.559290966476448 2.041 1.786 4.627 -0.05246881987368823 0.0559823149282665 -0.09996841951459925 0.46949987882379934

vehicle.car -7.581237394977623 0.7784506056175065 26.85649476504442 2.003 2.137 5.548 -2.0076839020306814 -4.417604458354255 -5.1013884478347045 0.9996230029787508

vehicle.car 24.75769087006485 0.9860072276571802 34.312410531539925 2.146 2.221 4.435 2.9810573171870764 3.9189250010851806 5.265242778384498 0.9997300223793495

movable_object.trafficcone 28.612397243875684 0.13401488180655452 24.757428489991522 0.652 1.504 0.576 3.042664588500882 0.0 0.0 0.9997311008533735

vehicle.car 6.880425958013218 -1.2619624681502546 -4.114624645676873 1.798 1.443 4.219 1.5530999122326001 -0.04498578878145601 0.039987367805839696 0.9994537763540293

movable_object.trafficcone 17.139495178191513 -0.08002771676093001 21.86158285232129 0.365 1.4 0.4 3.042664588500882 0.08497315658752301 0.02799115746413325 0.9997311008533735

human.pedestrian.adult -26.831625763762037 -1.1272698306410103 -13.757241904582527 0.592 1.329 0.647 0.04634698828943229 -0.021993052293166376 0.1119646298563057 -0.030616896102770443

vehicle.car -8.631621081705338 -1.1825577845588646 -6.736080831422123 1.879 1.485 4.517 -1.5937150646071805 -9.41802480247901 -5.591233703456468 0.9994754684200111

vehicle.car -33.67788535551378 -0.09192115767903386 14.678026543732507 1.935 1.557 4.389 0.046798141355129275 -0.06797852526997294 0.05998105170875955 -0.14178804592039618

vehicle.car -14.85662096548303 -2.1407640639873593 -35.40534238753872 1.837 1.709 3.975 -1.516274995545305 -0.026991473269009986 -0.012995894536829712 0.9994325114375807

vehicle.bicycle -18.606700821029744 -1.632984857088279 -21.961125253243953 0.593 1.305 1.746 -1.5432252431971696 -0.009996841951459924 -0.007997473560986098 0.9994482295800476

vehicle.car -35.50844639090267 1.037282141374948 18.57615727590687 2.688 2.907 6.735 0.04668017991561513 -0.009996841951459924 0.005998105170966875 -0.12306939583314377

movable_object.barrier -3.5783674173226014 -1.1470661719048751 1.0491572990936981 3.243 0.89 0.647 -0.046570826047748426 -0.006997789366090138 -0.003998736780720351 0.10254938991806384

movable_object.trafficcone 19.290716380326895 -0.90553729925022 4.337253413832073 0.49 1.264 0.496 -2.9911452703875128 0.0 -0.0009996841951232622 0.9997302344947582

vehicle.car -0.20981362024124756 0.5965690277228025 29.26046452876281 1.996 1.47 4.392 -2.3283677879359796 -1.7314530259944045 -4.6915179278243935 0.9996820117897474

vehicle.car -15.085193416175509 -1.8949570407920602 -29.340873363614772 1.989 1.818 4.707 -1.4731555148994975 0.0 -0.0 0.9994054709861592

vehicle.truck 7.085582309584608 -1.3799709159848548 -11.218711489012046 2.513 2.0 5.959 1.597870680720625 0.0 0.0 0.9994775906089854

vehicle.car -10.40264032229234 2.718739925228248 68.95633438324184 2.427 1.808 5.572 -1.6148154206049536 0.0 -0.0 0.9994860663048031

vehicle.car 1.3275242136064205 2.6820795917177653 65.77526459766757 1.987 1.916 4.315 1.6782250822268239 6.766862316949383 2.9330734285609785 0.9995154166960611

