vehicle.trailer -3.9267160942484556 -0.5088267696942834 -17.086351794547614 2.771 3.994 11.129 1.5356957678157288 -6.322823625001017 5.492846777183249 0.9996442347158941

vehicle.trailer 28.667256767551496 -0.9198731696033675 -9.807430724679504 1.446 1.73 2.142 -2.502067801562223 0.0 -0.0 0.999809556242803

vehicle.car 2.4681898939097917 -2.606513554947007 -38.12126649733627 1.948 1.477 4.268 1.5225496120805984 -6.658814252551065 6.047831295904729 0.9996393241968287

vehicle.car 44.06761568601854 -2.1547806987437323 -74.46473452383938 2.442 2.375 3.83 1.6302792963819455 -0.023999330539191698 0.016999525798613066 0.9996759870518702

vehicle.car -9.598514057672025 2.133560495721083 73.52337186357684 2.099 1.683 4.729 -1.4812745952518993 0.013999609481157261 -0.007999776846473022 -0.9996230125600917

movable_object.barrier 15.611396076552674 0.49029944391887714 22.16383221279766 3.223 0.883 0.422 2.6762049684988476 0.0 0.0 0.9998187359018924

movable_object.barrier 11.344353772084345 -0.8770311342554378 5.942131344458855 2.964 0.976 0.464 3.141096859895571 0.0 0.0 0.9998283756498849

movable_object.barrier 14.213353754419996 0.21982922908115388 19.230213878997127 3.141 1.103 0.383 2.7111052516518486 0.0 0.0 0.9998201713964668

vehicle.car -17.656070749096255 -2.759232015194339 -26.530835157465596 1.827 1.489 4.613 -1.620017022581714 0.01399960948138463 -0.01299963737549024 -0.9996728220446706

vehicle.construction 15.335280276356146 -2.821857451149581 -52.73614884706176 1.983 2.001 4.01 3.0916078199114265 0.0 0.0 0.9998282684064176

vehicle.car -4.621342460964349 -2.5757813721823 -40.70079116714154 2.042 1.77 4.692 1.5479389917963804 -6.125829120157443 5.278852746541176 0.9996486911933407

vehicle.car 26.05375515645545 3.241770403556977 48.823447821516474 2.0 1.65 4.557 0.1644682920877174 0.0 0.0 0.9742339526006456

movable_object.barrier 51.206852698981756 -0.6209350710448898 -28.897281726221586 3.255 0.834 0.474 0.09643734523969627 0.0 0.0 0.9231830441747708

vehicle.car 11.105000346017011 2.2227211042136426 47.86508299385413 2.045 1.711 4.429 -0.06975615525122247 -0.07099801951224911 -0.07599788004115265 -0.8471979432974044

movable_object.barrier 13.123633794445738 -0.12251841798342367 16.16437997981343 3.132 1.071 0.361 2.8638817488469215 0.0 0.0 0.9998250233025154

vehicle.car 19.684459017384924 2.7473588870838426 43.77140724911393 2.161 2.0 5.209 -0.05075669112374559 -5.3818498734388625 -6.213826665468191 -0.68336408473805

vehicle.car -9.335674579258356 -0.5017136741004345 14.152677135803517 2.228 1.734 4.495 -1.5896980419472024 -9.34973918927061 -7.969777683260607 -0.9996630907329763

movable_object.trafficcone 43.71938414706368 -1.3210344759921309 -51.31154614661305 0.766 1.269 0.835 -2.9360529143388217 0.0 -0.0 0.9998265500268025

vehicle.truck -0.24632904430505614 -1.4838262104641684 -17.59014962414565 2.301 2.145 5.38 1.5391097934477536 -5.480847111913653 4.809865828918883 0.9996454885688068

human.pedestrian.personal_mobility 7.463922070062287 -1.0472937662812762 -8.392631905838687 0.674 1.759 1.412 1.4998862166306823 -2.443931826586026 2.264936819646846 0.9996305409276022

movable_object.barrier 11.430501159411458 -1.3020003870835022 0.37364072654375663 3.204 0.861 0.353 -3.129499191877951 -0.008999748952253729 -0.006999804740692315 0.9998283693846483

movable_object.barrier 12.256400856960985 -0.40260243764991843 13.046126947413956 3.246 0.929 0.41 2.9278599754431243 0.0 0.0 0.9998264004478989

vehicle.trailer 28.985146313317635 -0.6722242624026767 -7.198062552984443 1.474 1.744 2.559 2.969356840030973 -0.008999748952253729 0.011999665269595849 0.999827096413689

vehicle.car 15.64252388390817 2.905857860155212 56.06788314476392 2.01 1.875 4.463 3.064166347915357 -0.006999804740464947 0.01999944211606887 0.9998281181662843

vehicle.car 13.659426928927694 -1.8693412146340571 -25.30625051737271 2.104 1.777 4.575 -0.03729718874295784 -0.0 -0.0 -0.11389196839827041

vehicle.construction 49.21515198027656 -0.6008552823483351 -53.74445569126628 3.107 2.702 6.27 1.6993900868551481 0.0 0.0 0.9996957459810706

vehicle.car 24.75558723752891 3.9637105917933573 55.653646604778906 2.312 2.548 6.003 3.08396459040243 -0.013999609481157261 0.008999748952253729 0.9998282330784444

movable_object.barrier 11.34615064480082 -1.4141059662829327 -2.7591847281849633 3.207 0.832 0.478 -3.1170123704339456 0.0 -0.0 0.9998283497321553

vehicle.car 17.760291029903698 2.7881541197753816 47.928260663048746 2.055 1.854 4.591 0.038570797842043536 0.007993718315038723 0.011990577473012475 0.27761701739986433

vehicle.truck -3.9366335633547487 -0.30858436458377325 -10.493199845517259 3.169 3.729 6.249 1.5392216107323442 -6.416821002946449 5.751839552586591 0.9996455294883159

movable_object.barrier 11.79428449152406 -0.6489903040710968 10.007467459403607 3.018 1.001 0.394 3.0538453840175013 0.0 0.0 0.9998280448486118

movable_object.barrier 11.403480228077104 -1.1092315214522148 3.2736253874882455 2.457 0.996 0.417 -3.103837396775739 0.0 -0.0 0.9998283144797643

movable_object.barrier 51.51231521146808 -0.7429088642223244 -32.435934018725426 3.096 0.922 0.428 0.08060418413321102 0.0 0.0 0.8880187615143612

vehicle.car 33.693010315686784 3.6859443115053074 48.650534109927236 1.991 1.758 4.265 0.44360961634654617 0.0 0.0 0.9964477337223143

