human.pedestrian.adult -5.657437241158206 0.6398616065116713 -40.48602513903716 0.545 1.68 0.707 -1.8077183792638545 -0.3826608852122663 -0.44860244767720076 0.9992942240676863

vehicle.car 33.53661621837193 -2.196844761102871 6.701251709658121 2.072 1.851 4.657 -2.945693305406577 -4.097368904062175 -1.4097506763306435 0.9995601363819696

vehicle.car 17.65496804257574 -1.0683201029704006 5.762440058570436 2.029 1.622 4.41 3.129468535942868 -4.808738487015656 2.4688121340984277 0.9995643279187586

vehicle.bus.rigid 0.4294576950939942 -0.6048855566407765 -19.920958386535425 3.026 3.538 12.852 1.5768044322727075 1.2399011972545966 2.5927023423658597 0.9991337049337726

vehicle.car -1.7665658958679276 -1.0018833280356254 13.349493942181766 1.814 1.531 4.617 2.1912502137812364 -0.20282026030834366 4.55296515381915 0.9994489946142857

human.pedestrian.adult 17.144016602813256 0.05491338931934053 -33.22831198788284 0.707 2.0 0.737 -1.4156801455058048 -0.2357910415407541 -0.6304413017465622 0.9989691705630761

vehicle.car 46.43810792263976 -4.108315003590751 6.9261301585862824 1.978 1.634 4.459 -3.108015079295691 -2.069166300978511 -1.1569746868821256 0.9995642210870322

human.pedestrian.adult 16.39317833077881 0.11964638559343632 -32.68791812370486 0.707 2.0 0.737 -1.4698043179107598 -0.2048184894738961 -0.49755906223437146 0.9990307334170591

human.pedestrian.adult 16.660072271504976 -0.12845784128902016 -34.15548342617235 0.707 2.0 0.737 -1.4698043179107598 -0.4446059893459823 -0.8092828120678223 0.9990307334170591

human.pedestrian.adult 19.108981491514104 -1.0331208138801018 -5.023760519035952 0.878 2.0 1.18 0.7937061686212443 1.3707852076014622 0.12888578118108587 0.9970802587193579