vehicle.trailer -12.502916743860881 -2.218734812823186 -75.47385447121383 2.894 4.345 12.825 -1.5712815352442462 0.5812391982817164 -0.046689706091468997 0.9996326697896236

vehicle.trailer 2.91274535793282 -0.4368437814615824 -15.762852869200223 2.727 3.969 10.684 1.556594206786543 1.8637768390808196 1.5016934040854886 -0.9996271961245184

vehicle.car -8.312992333998332 -3.1955942526600207 -80.08240392569952 1.908 1.98 4.764 -1.5946430076166571 -0.01619846946036305 -0.014292767170851225 0.9996410520054656

vehicle.car -25.660277962799164 -2.8122621035601547 -30.715114474320284 2.155 2.187 5.041 2.7472783822559474 0.02000987403917005 0.014292767170851225 -0.9998089306656275

vehicle.car -39.25878936434303 -1.502732865645776 9.75216617112375 2.031 1.839 4.721 1.57090642578122 -0.0 0.0 -0.9996325319904383

vehicle.truck -12.360012023552361 -0.8313739813418743 -22.299940667881845 2.809 4.083 7.338 -1.5780160397431215 3.1243989035509157 -2.736588487648096 0.9996351262700872

vehicle.car 0.45043029475237056 1.6020622730688672 49.8200428706985 1.943 1.921 4.619 1.572947711305404 7.327425302929777 6.344082921574281 -0.9996332806239495

vehicle.car -39.05162059915872 -0.819174934277277 29.26519588609108 1.944 1.797 4.597 1.57090642578122 0.037968334857157574 0.03197333461647005 -0.9996325319904383

vehicle.car -36.18971855801561 -0.7659051357333873 29.265007565502575 1.971 1.768 4.6 1.57090642578122 -0.0 0.0 -0.9996325319904383

vehicle.trailer 3.866840902641871 1.5043058907613656 30.08788973810763 2.791 4.675 11.794 1.572947711305404 2.8957146288172964 2.5364897472560703 -0.9996332806239495

human.pedestrian.adult -36.27274489657992 -3.842212813434185 -38.430926039842014 0.608 1.739 0.634 -0.7709586292033705 1.2082152515104168 -0.05240681295989615 0.9986996608270515

vehicle.trailer -11.838250088390659 0.9898854583823427 21.851741027567 3.21 4.573 12.825 -1.5855007799040202 2.768032575424012 -2.5669809838871767 0.9996378180003969

vehicle.car -37.3251771604048 -2.8361439090140133 -19.994047299403956 1.817 1.837 4.872 2.3676583668901596 0.046689706091468997 0.0743223892884697 -0.9997857465452572

vehicle.car -52.03886344625539 -2.7853609059559297 -3.40857380697182 2.005 1.688 4.651 2.291787974036655 0.0019057022894034992 0.0619353244071303 -0.9997786428509159

vehicle.truck 2.9731450243175574 -0.6151150456979725 -8.958210906786032 2.692 3.42 7.164 1.5452247426630104 2.4297704190468745 2.1401036710507184 -0.9996228463882183

vehicle.truck -26.86104398074259 -2.424188389867797 -35.1708627574814 2.38 2.428 8.793 2.537356404910998 8.777664745200072 1.6141298391628949 -0.9997984142436799

vehicle.car -15.938177256699316 -1.8246021405647226 -7.943827078611805 1.875 1.668 5.304 -1.5604295963160961 8.228822485839082 -7.127326562537643 0.9996286411089044

vehicle.car -2.460575491827871 0.553437983926966 33.53182367980115 1.821 1.83 4.307 1.5555008756248796 4.510797319124676 3.9352752277112786 -0.9996267821632158

vehicle.car -3.075068705722195 -0.005624226289286716 18.55462736222598 2.069 2.188 5.026 1.5404966889381662 3.995304849828897 3.4912465942697555 -0.9996210078465703

vehicle.car -28.287025247020054 -1.0615274772428627 14.642998713653622 1.917 2.021 4.608 1.5910053038774077 -0.0 0.0 -0.9996397722030286

vehicle.trailer -12.303212275469228 -0.5708178679339116 -14.907829920579509 2.842 3.879 12.579 -1.571543238431003 3.3950086286527124 -2.993858296723743 0.9996327658669882

vehicle.truck 3.875669567109262 1.9315521398615467 40.31563219171445 2.724 4.196 8.314 1.572947711305404 2.2201431672077234 1.9142779497510956 -0.9996332806239495

vehicle.car -30.68455559295299 -0.560590660043333 28.989877243337574 1.968 1.84 4.772 1.57090642578122 -0.0 0.0 -0.9996325319904383

vehicle.car -25.254977274021098 -1.1469988844980885 8.734128709331706 1.942 1.977 4.722 1.5910053038774077 -0.23916563732577215 0.19724018695792023 -0.9996397722030286

vehicle.car -31.122894881787435 -1.340502402379134 9.539816823327794 1.815 1.724 4.278 1.5910053038774077 -0.04396333509761791 0.035970001443670796 -0.9996397722030286

vehicle.truck -12.165486597122069 -2.483224959392893 -80.8971124273174 2.671 4.416 7.195 -1.6064372230181538 0.38399901132390457 -0.4183016525339258 0.9996451387452179

vehicle.car -2.667354462248329 2.3010455224404276 62.352591718642806 2.16 2.0 5.066 1.5206075547176674 6.464608592782404 6.000995240842793 -0.9996130769138739

vehicle.bus.rigid 3.3519696394154077 0.05409308045845629 7.415576327537088 2.974 3.783 13.83 1.572947711305404 2.2382473389572732 1.9104665451721803 -0.9996332806239495

vehicle.car -25.355572657899902 -1.0159286210818146 15.063506100101751 1.889 1.98 4.82 1.59685005658302 0.03716119464423485 0.0295383854864042 -0.9996418240052212

vehicle.truck -12.07479749485155 0.47627208024558026 13.485228515038523 3.04 4.543 8.864 -1.5778764638798473 3.027208086788954 -2.6298691594390085 0.9996350756926201

vehicle.car -41.09467942095021 -2.955193350890564 -15.867856569671195 1.923 1.937 4.968 2.325779518053749 0.0657467289859373 0.019057022894468298 -0.9997819461525715

