vehicle.car -39.26 -1.50 9.75 2.03 1.84 4.72 1.57 -0.00 0.00 -1.00
vehicle.car 0.45 1.60 49.82 1.94 1.92 4.62 1.57 7.33 6.34 -1.00
vehicle.car -39.05 -0.82 29.27 1.94 1.80 4.60 1.57 0.04 0.03 -1.00
vehicle.car -36.19 -0.77 29.27 1.97 1.77 4.60 1.57 -0.00 0.00 -1.00
vehicle.car -2.46 0.55 33.53 1.82 1.83 4.31 1.56 4.51 3.94 -1.00
vehicle.car -3.08 -0.01 18.55 2.07 2.19 5.03 1.54 4.00 3.49 -1.00
vehicle.car -28.29 -1.06 14.64 1.92 2.02 4.61 1.59 -0.00 0.00 -1.00
vehicle.car -30.68 -0.56 28.99 1.97 1.84 4.77 1.57 -0.00 0.00 -1.00
vehicle.car -25.25 -1.15 8.73 1.94 1.98 4.72 1.59 -0.24 0.20 -1.00
vehicle.car -31.12 -1.34 9.54 1.81 1.72 4.28 1.59 -0.04 0.04 -1.00
vehicle.car -2.67 2.30 62.35 2.16 2.00 5.07 1.52 6.46 6.00 -1.00
vehicle.car -25.36 -1.02 15.06 1.89 1.98 4.82 1.60 0.04 0.03 -1.00