vehicle.car -26.18 0.11 18.50 1.80 1.45 4.04 -0.05 0.01 -0.01 0.39
vehicle.car -16.57 1.68 47.26 2.16 1.95 5.07 2.94 6.47 7.71 1.00
vehicle.car -45.99 2.79 67.90 1.96 1.76 4.59 3.13 0.01 0.01 1.00
vehicle.car -11.30 0.00 16.48 1.86 1.71 4.11 -1.67 -6.86 -4.48 1.00
vehicle.car -27.34 0.07 15.56 2.04 1.79 4.63 -0.05 0.06 -0.10 0.47
vehicle.car -7.58 0.78 26.86 2.00 2.14 5.55 -2.01 -4.42 -5.10 1.00
vehicle.car 24.76 0.99 34.31 2.15 2.22 4.43 2.98 3.92 5.27 1.00
vehicle.car -33.68 -0.09 14.68 1.94 1.56 4.39 0.05 -0.07 0.06 -0.14
vehicle.car -35.51 1.04 18.58 2.69 2.91 6.74 0.05 -0.01 0.01 -0.12
vehicle.car -0.21 0.60 29.26 2.00 1.47 4.39 -2.33 -1.73 -4.69 1.00
vehicle.car -10.40 2.72 68.96 2.43 1.81 5.57 -1.61 0.00 -0.00 1.00
vehicle.car 1.33 2.68 65.78 1.99 1.92 4.32 1.68 6.77 2.93 1.00